750
0 8 
1 
2 20 
3 
4 
5 
6 15 
7 
9 
10 88 
11 
12 27 
13 
14 
16 
17 
18 51 
19 
21 
22 
23 
24 
25 
26 91 
28 
29 
30 94 
31 108 
32 118 
33 
34 
35 
36 114 
37 162 
38 
39 
40 183 
41 
42 
43 
44 169 
45 
46 204 
47 242 
48 
49 249 
50 
52 289 
53 262 
54 263 
55 341 
56 
57 344 
58 339 
59 372 
60 
61 392 
62 
63 
64 408 
65 409 
66 469 
67 470 
68 471 
69 521 
70 
71 511 
72 543 
73 
74 
75 
76 615 
77 
78 
79 553 
80 581 
81 
82 619 
83 
84 661 
85 721 
86 744 
87 
89 
90 
92 
93 795 
95 796 
96 797 
97 814 
98 
99 837 
100 
101 847 
102 894 
103 
104 861 
105 995 
106 
107 
109 
110 
111 
112 
113 
115 150 
116 153 
117 155 
119 195 
120 
121 
122 
123 200 
124 243 
125 
126 256 
127 
128 386 
129 402 
130 401 
131 413 
132 
133 415 
134 438 
135 
136 
137 447 
138 458 
139 
140 
141 
142 
143 461 
144 475 
145 
146 481 
147 513 
148 
149 
151 522 
152 617 
154 
156 524 
157 620 
158 665 
159 
160 670 
161 686 
163 714 
164 
165 735 
166 
167 
168 740 
170 
171 751 
172 813 
173 817 
174 
175 846 
176 
177 
178 
179 
180 856 
181 
182 873 
184 
185 840 
186 
187 
188 885 
189 
190 929 
191 960 
192 
193 
194 
196 
197 
198 982 
199 991 
201 
202 
203 
205 
206 993 
207 231 
208 
209 
210 
211 
212 
213 
214 236 
215 270 
216 
217 
218 304 
219 
220 
221 307 
222 
223 318 
224 327 
225 
226 368 
227 376 
228 
229 
230 
232 
233 
234 383 
235 
237 394 
238 410 
239 
240 
241 
244 422 
245 
246 424 
247 
248 444 
250 452 
251 
252 454 
253 455 
254 
255 
257 482 
258 
259 537 
260 
261 
264 494 
265 
266 544 
267 
268 
269 674 
271 701 
272 
273 703 
274 
275 
276 
277 
278 
279 
280 716 
281 
282 
283 
284 
285 726 
286 
287 
288 765 
290 808 
291 770 
292 
293 
294 
295 800 
296 
297 832 
298 
299 
300 
301 
302 
303 
305 
306 858 
308 
309 
310 881 
311 
312 
313 
314 
315 
316 
317 
319 
320 
321 912 
322 932 
323 
324 956 
325 
326 
328 
329 
330 988 
331 345 
332 
333 
334 
335 977 
336 371 
337 388 
338 407 
340 
342 
343 443 
346 
347 
348 
349 
350 414 
351 
352 
353 490 
354 
355 518 
356 
357 
358 
359 525 
360 
361 
362 
363 562 
364 
365 571 
366 572 
367 
369 
370 
373 583 
374 
375 612 
377 
378 
379 
380 
381 
382 625 
384 653 
385 643 
387 
389 
390 662 
391 
393 
395 675 
396 
397 
398 697 
399 705 
400 
403 760 
404 
405 794 
406 
411 
412 
416 
417 801 
418 825 
419 833 
420 
421 
423 
425 
426 835 
427 841 
428 862 
429 
430 
431 
432 853 
433 
434 872 
435 
436 
437 903 
439 
440 
441 
442 
445 891 
446 
448 
449 915 
450 
451 
453 
456 
457 
459 937 
460 
462 
463 
464 947 
465 953 
466 984 
467 
468 
472 
473 
474 528 
476 534 
477 
478 547 
479 
480 
483 
484 566 
485 
486 
487 573 
488 
489 
491 
492 609 
493 
495 622 
496 624 
497 
498 664 
499 
500 
501 681 
502 
503 689 
504 
505 
506 
507 
508 
509 
510 695 
512 737 
514 
515 
516 
517 805 
519 
520 
523 763 
526 
527 857 
529 879 
530 
531 
532 
533 
535 866 
536 
538 
539 
540 
541 
542 920 
545 943 
546 
548 952 
549 
550 
551 
552 973 
554 
555 
556 
557 
558 563 
559 
560 
561 
564 582 
565 
567 
568 579 
569 
570 
574 
575 
576 
577 585 
578 590 
580 595 
584 
586 651 
587 657 
588 
589 711 
591 
592 
593 
594 
596 
597 
598 684 
599 715 
600 753 
601 758 
602 
603 769 
604 
605 
606 
607 774 
608 810 
610 
611 
613 
614 
616 
618 818 
621 
623 
626 
627 
628 834 
629 
630 838 
631 876 
632 930 
633 949 
634 957 
635 958 
636 965 
637 996 
638 
639 
640 
641 
642 
644 
645 
646 
647 
648 
649 
650 
652 
654 
655 
656 
658 
659 967 
660 709 
663 
666 710 
667 
668 759 
669 
671 
672 
673 789 
676 816 
677 
678 
679 
680 
682 
683 871 
685 882 
687 
688 
690 
691 
692 
693 
694 
696 911 
698 918 
699 919 
700 927 
702 
704 
706 
707 
708 
712 
713 
717 990 
718 
719 
720 934 
722 
723 
724 
725 
727 
728 
729 
730 
731 781 
732 
733 
734 
736 
738 
739 
741 
742 
743 
745 
746 
747 
748 
749 773 
750 793 
752 824 
754 
755 
756 
757 
761 
762 806 
764 
766 
767 
768 
771 
772 
775 
776 
777 
778 
779 
780 
782 828 
783 868 
784 
785 
786 
787 
788 897 
790 
791 
792 
798 910 
799 
802 
803 
804 
807 
809 
811 
812 
815 
819 
820 
821 
822 
823 
826 
827 
829 
830 
831 
836 
839 
842 
843 
844 
845 
848 
849 
850 
851 
852 
854 
855 
859 
860 
863 
864 
865 
867 
869 
870 
874 
875 
877 
878 
880 
883 928 
884 961 
886 
887 
888 
889 
890 
892 981 
893 
895 
896 
898 904 
899 
900 
901 909 
902 940 
905 
906 
907 
908 
913 
914 
916 941 
917 
921 
922 
923 
924 
925 
926 
931 
933 
935 
936 
938 
939 
942 
944 
945 946 
948 
950 
951 
954 
955 
959 
962 
963 
964 
966 
968 974 
969 
970 
971 
972 
975 
976 
978 
979 980 
983 
985 999 
986 
987 
989 
992 
994 
997 
998 
